5.58	4.89	3.76	4.35	3.82	3.87	5.19	5.07	5.14	3.32	3.44	3.14	6.7	6.29	6.69	6.45	6.25	6.69	1.6	5.95	11.3	37.32
.89	1	1.11	1.1	1.31	1.11	.86	.88	.89	.43	.4	.41	.85	.92	.77	1.11	1.11	1.09	1.05	6.18	8.62	9.92
1
.76	1
.67	.68	1
.26	.2	.22	1
.28	.25	.17	.43	1
.34	.33	.26	.52	.52	1
.57	.57	.55	.09	.2	.21	1
.55	.53	.55	.16	.2	.21	.84	1
.48	.46	.49	.15	.23	.21	.79	.71	1
.36	.31	.31	.14	.13	.16	.46	.42	.48	1
.42	.36	.38	.15	.12	.14	.51	.5	.5	.7	1
.32	.34	.37	.11	.13	.13	.47	.46	.46	.65	.64	1
.21	.19	.13	.14	.18	.15	.31	.29	.31	.32	.5	.1	1
.21	.17	.1	.14	.16	.15	.25	.23	.29	.37	.25	.17	.81	1
.22	.18	.12	.15	.14	.12	.33	.29	.31	.39	.29	.15	.82	.82	1
.15	.13	.02	.23	.13	.18	.09	.07	.04	.19	.16	.08	.23	.15	.14	1
.16	.09	-.01	.17	.07	.05	.09	.09	.07	.25	.24	.16	.22	.28	.19	.59	1
.14	.09	-.01	.13	.04	.06	.07	.05	.07	.2	.17	.09	.22	.19	.23	.59	.62	1
.06	.09	.01	.07	.11	.16	.09	.1	.04	.14	.04	.05	.2	.19	.15	.15	.17	.15	1
.03	.06	.1	.17	.19	.17	.02	.01	.1	.15	.04	.09	.03	.05	.06	.1	.16	.07	.1	1
.1		.09	.1	.1	.16	.15	-.001	.02	.04	.12	.05	-.01	.03	.03	.05	.001	.18	.02	.05	.52	1
.14	.1	.12	.07	.15	.17	-.01	.01	-.001	.12	.03	.06	.1	.01	.12	.06	.18	.04	.07	.46	.8	1

