    2.213733     2.654345     1.373621     1.734154     1.074574
    4.456259     4.523787     3.739338     4.829518     6.737015
    2.076292     2.305100     2.833180     3.214385     4.494184
    3.040035     4.092300     1.689965     2.614128     4.879247
    2.595216     2.349200     1.481834     2.316229     3.461678
    1.873243     1.250665     1.520550     0.617629     1.827337
    2.008431     1.829168     2.417420     1.840009     4.044854
    2.491409     3.573627     1.106783     1.852925     4.364297
    2.649611     4.472066     0.402128     2.793534     5.415003
    1.996137     2.547508     0.889966     1.889115     2.917643
    3.872978     3.457143     3.916833     3.727461     4.317402
    2.335209     2.062323     2.282653     2.044303     2.878600
    3.442310     3.455390     2.229962     3.115326     5.402850
    3.468788     2.675816     5.545206     4.219855     2.720499
    2.475846     3.260744     3.063761     1.527171     2.856491
    2.534938     3.163893     1.438240     2.377232     3.079403
    2.705584     2.884377     0.816235     2.162925     2.914299
    2.381719     2.618694     4.107662     2.044145     1.662637
    2.658511     2.988972     1.656740     2.709159     2.456543
    2.265438     1.845337     1.819452     3.611855     3.479347
    2.908171     3.054346     3.465403     2.378419     4.582663
    3.474383     2.504709     2.772924     3.572578     3.968294
    2.026256     1.876913     1.001776     2.691529     3.132910
    2.422395     3.576090     2.477209     3.119347     5.766286
    0.653837     1.850054     2.231968     1.132451     2.390066
    3.008929     2.538326     2.473319     2.484773     2.570106
    2.018563     2.879752     3.021108     3.444796     3.096155
    2.513824     3.239059     2.538796     2.630348     3.506015
    1.191390     1.821199     0.144175     1.579634     3.891252
    2.555706     2.368418     2.117982     2.409977     4.510457
    2.342675     2.506688     2.602164     1.791301     4.640940
    2.643630     1.894324     3.154859     2.199330     2.120526
    2.194172     3.009519     2.662941     2.993937     2.535240
    1.169352     2.010472     1.013566     2.052055     2.510243
    3.067832     3.649791     2.251684     3.572413     2.040326
    3.432831     3.768990     1.594559     3.575563     3.526370
    3.935347     4.163774     3.200116     2.871779     4.796133
    2.445287     3.390228     0.904716     2.059977     4.124188
    3.662645     3.702474     3.574977     2.921196     3.921132
    2.364166     1.452281     0.182084     1.230663     4.612903
    1.275318     1.331872     0.295640     0.197292     2.609242
    2.950295     2.539686     0.876579     4.040092     4.231554
    2.938331     3.133222     1.189509     2.186799     3.950840
    3.040042     3.770145     3.090973     2.427281     2.524297
    2.000977     2.418181     1.827308     2.936471     2.807460
    2.163446     3.451817     3.259193     2.120430     2.790629
    1.400982     1.674911     2.136485     2.534187     2.553659
    3.922786     3.980526     1.808586     3.166193     4.784957
    2.075044     2.351754     2.810879     2.477024     2.826203
    2.272347     2.656844     2.461202     3.030768     3.737420
    3.112783     2.906581     2.716909     2.843423     4.669602
    3.006717     4.183067     2.542351     3.180709     4.494337
    3.170846     3.190557     1.383150     3.739252     3.842399
    2.405386     4.413234     1.436368     2.057894     3.359766
    2.768838     3.521615     2.611294     2.969392     5.317966
    3.084953     2.756211     2.898350     2.079217     2.909655
    2.353159     1.942764     3.281297     2.249676     1.805392
    3.424031     2.767231     1.801897     3.012510     3.308157
    1.488750     1.881471     1.071224     1.579866     0.657614
    1.830247     2.928415     0.894700     1.817447     3.545712
    3.394530     4.210846     2.307471     2.700474     5.254730
    2.383678     3.484865     2.721793     3.393903     2.897639
    2.957728     3.150844     2.691229     3.479511     4.608106
    2.141068     1.777449     2.444697     1.856809     3.980385
    0.988090     2.838388     2.051506     1.229406     3.024864
    1.911954     2.073715     3.662324     2.240692     3.352135
    2.084544     1.413498     1.674919     2.222306     2.166411
    2.908717     3.678467     3.311545     3.365147     3.392560
    2.347557     2.336741     3.409473     2.640492     4.032479
    3.650927     2.979754     4.346369     2.449256     2.942171
    2.557902     2.711934     2.506387     3.722249     4.449652
    3.046581     2.910339     3.015332     3.824274     2.540439
    1.368883     1.806004     0.034745     2.149607     3.808098
    1.449870     2.309977     2.177426     0.860600     3.283888
    2.398345     2.600623     0.731871     2.901987     3.312607
    1.658453     2.134887     2.089220     0.795704     0.867379
    3.535259     4.503954     2.684886     2.686759     3.755908
    3.575325     2.725409     2.780682     2.843925     4.493134
    1.703214     1.437226     1.459391     0.859900     1.566000
    3.724574     3.827382     1.018846     3.438759     4.610143
    2.354126     3.415433     1.716770     2.599397     2.514226
    1.658004     1.579701     0.200336     2.252083     3.073898
    2.694406     3.273429     1.482850     2.641063     4.207794
    2.724234     3.089640     2.084492     2.264239     4.058074
    1.039168     0.994926     0.483590     2.117315     2.219012
    2.553014     2.626684     3.690396     2.598761     2.317149
    2.210302     3.069297     1.202911     1.461520     2.901980
    3.317068     3.240740     1.251379     2.594237     3.274295
    1.916833     2.689512     1.581684     1.766037     4.327097
    3.973144     4.280278     2.271674     2.755498     3.574141
    2.264743     3.000708     3.327238     3.822357     5.832662
    2.360431     3.590659     0.802986     1.725810     2.150574
    1.064348     2.093238     0.133741     2.216628     1.659673
    2.826861     3.374321     3.337645     2.499629     3.765570
    1.547731     1.410680     0.964789     2.303407     3.763297
    2.886304     2.271720     2.669594     2.331416     2.165417
    3.760188     3.405914     4.029411     2.816565     4.287262
    2.374852     3.102488     2.861871     0.795656     3.072596
    2.807164     3.485082     2.160762     1.646226     5.239181
    2.164447     3.045087     3.098564     1.889518     3.389896
    2.771883     2.730070     3.991505     2.545841     2.189605
    1.511050     1.791593     3.086949     2.401748     2.209198
    2.246762     2.639430     1.417950     3.260499     3.998765
    1.950614     2.907173     0.565517     1.697912     4.759614
    1.992311     2.008154     1.401813     2.748254     3.200337
    2.269915     2.060597     1.158825     1.678032     3.326874
    2.195339     2.245454     2.180524     2.061453     3.972933
    2.761952     2.404248     2.040297     3.055261     2.565576
    1.813514     3.039653     1.241411     2.213638     3.926612
    3.009358     3.873758     2.364828     3.943248     3.962835
    1.423283     1.814251     0.205746     2.398288     2.476922
    1.770180     1.484290     0.654368     2.062788     3.241255
    2.724162     3.086986     2.788631     1.625573     4.235575
    2.575445     3.216828     2.151467     3.160195     3.632805
    2.296514     2.294302     0.408523     2.217291     2.999089
    1.393362     1.824360     0.839208     1.512701     3.772101
    2.419865     3.066224     3.306116     2.510663     3.500156
    2.399700     2.579283     3.134026     2.772911     3.787106
    1.973321     2.326667     1.356516     2.358418     3.108344
    1.095774     1.469524     1.892846    -0.598156     2.651961
    2.555703     2.871399     2.922815     3.154991     4.672782
    3.450735     2.882065     2.037839     2.565367     4.401202
    1.502672     2.596404     1.087341     1.002588     2.474904
    1.982079     2.848074     1.558084     3.406753     3.025678
    1.781503     1.901475     1.213337     1.573792     1.668348
    2.755078     2.633860     1.621539     2.011882     2.974255
    1.941496     2.227532     0.847802     3.051826     3.334268
    3.204487     3.322330     1.998840     2.270165     3.977237
    2.648827     2.656047     0.457533     1.791505     4.116722
    2.709732     3.348485     1.043684     2.734928     3.928756
    2.231720     3.105137     0.950058     1.766392     4.144449
    2.792455     2.871778     2.350257     2.719839     2.298712
    2.402339     2.484737     1.809701     2.156008     3.329054
    2.059302     2.274683     0.922249     2.290143     2.968787
    3.212066     3.743361     2.823940     3.620620     4.675002
    1.855428     2.899334     1.302309     2.529427     2.429214
    3.686301     5.443374     2.101069     2.499706     4.829799
    3.989438     4.184965     2.490376     3.656532     4.420912
    3.033841     3.650827     2.488830     3.320317     3.515497
    1.680803     2.707411     1.572499     2.820666     2.969192
    3.188723     3.874511     2.931786     2.943672     4.428809
    2.035448     1.111405     2.144883     1.957455     2.549506
    1.915942     1.371680     1.951609     2.598072     2.543488
    2.838742     2.450676     2.353242     2.554876     4.252983
    1.815248     2.378607     2.280374     0.580849     1.964306
    3.245246     2.484140     2.891195     3.522560     3.438016
    3.323112     3.865861     2.584479     3.423648     4.526273
    3.809613     3.627078     2.918254     2.447118     3.636857
    2.010020     2.058006     1.206388     2.072359     3.139086
    1.993200     2.162121     2.412392     2.222726     4.199889
    2.730421     3.200178     2.483059     0.974044     2.667374
    1.690190     1.361091    -0.191194     2.306971     3.136801
    2.981154     3.027212     1.736395     2.714239     3.929518
    2.804635     2.560703     1.098682     1.778377     3.756488
    3.713848     4.610092     2.205351     2.340659     4.089639
    2.058586     2.100462     1.757366     1.990924     3.474339
    2.730495     3.576565     2.149433     2.776487     2.393206
    3.741311     4.386924     1.508900     3.325270     3.644969
    2.253064     2.758682     1.938027     2.305379     3.546819
    3.874954     3.038200     2.555712     2.110086     3.940241
    1.280238     1.130796     0.835950     1.625290     1.614306
    2.838715     2.883209     2.251167     2.277798     3.895654
    2.572990     2.048329     2.712383     2.128927     2.855081
    3.197665     3.785561     3.616941     2.567593     3.441566
    2.483409     2.604063     2.377057     1.987536     4.243311
    2.928667     2.925628     4.961001     3.406410     3.389049
    3.021882     3.098906     2.650741     3.776836     2.809734
    4.093125     4.077644     4.856690     3.635956     4.380600
    3.226305     3.613358     3.294109     3.125605     2.343192
    1.608282     1.227004     2.348160     1.737206     0.925712
    2.371283     2.920951     2.511237     3.122634     3.001022
    3.586220     4.035089     3.113503     3.927145     3.132205
    4.051537     4.430491     1.724619     2.652402     3.970431
    1.023807     1.680894     2.384648     2.090787     1.884682
    2.707704     2.912445     2.359481     1.729825     2.195050
    2.191076     2.080399     2.651804     2.423177     3.458778
    2.610540     2.476861     1.830771     3.010396     3.851721
    3.429304     3.949060     3.093720     2.656544     5.429581
    3.948308     3.488692     3.448025     4.247886     3.313937
    2.090720     1.495609     2.061082     3.616690     2.887030
    3.736657     2.963611     2.974755     3.028988     4.020225
    2.744291     2.666561     2.308481     2.021097     3.967354
    2.825148     3.424170     2.451569     2.896925     5.372247
    1.966237     2.026175     1.877285     1.761613     1.678604
    3.852015     3.344016     3.633480     3.131766     3.754744
    3.562043     3.653037     2.619337     3.400459     5.279993
    2.120590     3.065764     2.212819     1.904095     3.757437
    2.128031     3.432268     2.420700     2.202795     2.916047
    2.375667     2.900494     2.276310     2.154775     1.479072
    2.336032     3.005094     2.486265     2.419465     3.457991
    2.384652     3.093210     3.587707     1.455841     2.389144
    2.048780     2.300468     3.070820     2.235282     3.799075
    1.870640     2.200796     1.535711     1.497445     2.901416
    3.296069     3.838709     0.487766     2.874788     5.433748
    2.194761     2.414646     2.837504     2.620054     3.122623
    1.057019     1.779287     1.624356     1.781385     3.068195
    1.911448     2.064513     2.577177     1.835083     3.308192
    2.535799     2.563158     1.891450     2.891085     1.815639
    2.375846     2.416652     1.427568     1.572255     1.419478
    1.555680     1.841772    -0.270202     1.569954     1.770266
    2.396463     1.674312     2.058690     2.145308     2.820165
    2.871059     3.839142     3.947642     3.108550     3.519503
    3.290625     3.065407     1.680700     3.588456     4.587572
    2.676198     2.710775     1.128417     2.474413     2.739237
    2.485999     3.688141     1.805407     3.923532     4.370159
    3.120975     4.126490     2.054494     3.729907     4.782364
    3.692307     3.791175     3.232616     3.785864     4.725094
    2.189117     2.660697     2.239294     1.886999     2.590210
    0.799991     1.316427     0.974263     0.559227     0.881654
    3.049414     4.099490     1.248752     2.397224     3.619046
    0.554952     1.186285     1.453798     1.239881     2.813588
    3.188031     3.949804     1.869980     2.907988     4.951904
    1.255542     0.642005     2.140402     1.496622     0.425866
    2.074816     2.158449     1.881598     2.593603     4.405726
    3.616569     3.893996     4.118792     4.056838     4.801382
    2.980062     2.679576     1.603907     3.050479     4.059880
    2.802016     2.906372     3.169373     3.177952     4.694928
    3.068935     4.269991     3.778777     2.010311     3.494364
    0.799543     0.159089     1.000329     1.617792     2.255066
    3.835560     2.623090     2.618529     2.552315     3.319094
    3.725251     4.002041     3.181742     2.992946     4.624618
    2.811720     2.360028     1.956737     2.560997     3.603305
    2.300928     2.247221     1.363155     2.655202     3.933248
    2.545377     2.578421     2.432039     2.028506     3.729254
    3.289795     3.559114     1.941897     2.466682     3.395620
    2.827857     3.158714     0.885467     1.997549     3.689147
    1.693918     1.444162     1.191178     1.544718     2.183980
    3.183577     3.316850     1.959000     3.084190     5.599527
    4.568438     4.314918     3.885533     3.532542     5.807148
    3.385312     4.250676     2.731611     3.290333     5.264886
    2.846187     3.405816     1.908641     3.804888     4.326978
    1.352950     1.781992     1.170323     1.518031     2.320886
    2.935004     2.574757     3.075007     3.913808     4.043083
    1.609250     1.280844     2.504539     2.306669     3.620511
    3.986504     3.958954     2.544648     3.282566     4.297667
    2.171401     3.352647     1.040871     1.908795     3.800349
    2.148348     1.361948     3.927730     3.410597     3.668262
    1.310154     1.557796     1.374294     2.306776     3.146111
    1.479765     2.750780     1.910941     1.589297     3.807262
    3.316631     3.878536     0.008494     4.119059     5.699714
    2.872827     3.625799     3.048609     3.244410     2.356521
    1.880174     2.956915     2.638887     2.334593     2.305518
    3.622828     4.344179     0.925836     2.495898     5.125643
    0.822868     0.850364     1.684443     0.844603     1.542018
    1.982938     3.043957     1.965092     1.333734     2.519512
    3.087482     3.985129     2.433077     1.895969     3.290320
    1.660190     1.236823     1.523138     0.897090     1.110505
    2.835168     1.946147     3.380529     2.846718     5.267186
    2.906826     2.697006     0.995582     2.931583     3.904368
    3.666744     3.621969     3.405940     3.021697     4.840797
    3.519120     3.428250     1.354730     3.640097     5.146173
    3.475532     4.047764     2.355770     1.625718     4.166155
    2.726918     3.031821     0.797548     2.714700     4.198082
    2.293699     2.169360     2.960768     2.227296     2.985505
    2.490446     2.565841     1.246121     2.979708     4.000725
    0.443989     1.819698     2.107222     1.090764     1.445301
    2.274941     2.811418     1.435330     3.218105     2.756125
    2.821887     4.302053    -0.058495     2.907133     4.330665
    2.013024     2.234705     2.531070     2.374433     4.182849
    3.413466     4.329049     3.202047     3.544257     3.729129
    3.414272     4.336623     2.356706     2.629587     5.333482
    2.916691     3.135970     1.584136     3.999312     4.268307
    1.482747     2.468835     0.574868     1.849129     2.683375
    0.668630     1.741121     0.526612     2.223111     1.898925
    2.701833     2.983098     1.777482     2.125149     3.887402
    2.329774     1.107408     1.287111     2.076282     2.329315
    2.494283     1.540833     2.211261     2.844468     3.679318
    2.816653     3.342926     1.993158     2.944843     4.396155
    1.933099     2.256264     1.257889     1.507954     2.303602
    1.968650     0.828775     1.454290     1.957850     2.392286
    3.243165     3.568356     2.631398     3.465288     6.386507
    3.170008     3.072416     2.625093     2.624132     3.776017
    3.868593     4.026956     3.315864     2.376770     3.639758
    2.272171     2.861560     2.720802     1.637295     3.756901
    2.559169     2.200061     2.128871     2.166794     2.544157
    2.277874     3.111590     2.949403     2.435923     3.466795
    1.957233     3.241832     2.658246     1.996467     3.442818
    1.720302     2.141683     2.145026     1.740132     1.894843
    2.385601     2.245495     1.785425     2.820940     2.664513
    2.852049     3.061769     1.633449     3.262629     4.378725
    2.668854     2.704890     1.516085     2.826949     3.367497
    2.174340     1.338611     1.939177     2.618905     3.381701
    1.521635     1.706608     2.719517     1.700739     1.442363
    1.100039     1.662321     3.036842     2.197203     2.479114
    2.346659     2.058970     1.073915     3.079206     4.383222
    3.261601     3.894214     1.969661     2.565611     2.478168
    2.986641     2.497447     2.320321     3.385326     3.374524
    2.399249     2.627881     1.170539     1.952902     3.596999
    2.351153     2.257434     1.936013     3.013473     3.435299
    3.839264     5.280170     1.150539     3.324914     4.877329
    2.068766     1.876072     1.186980     3.156811     4.547524
    2.685953     3.659397     1.889403     1.982329     1.959562
    3.237633     3.817267     3.254964     2.809631     4.810777
    2.066511     1.786855     0.175129     2.123458     3.676360
    2.982302     4.518826     4.237647     3.319315     5.529657
    3.246415     3.723680     2.334538     2.707447     3.863565
    3.861475     3.311310     2.752696     2.873032     3.990897
    2.383497     2.281314     3.188707     2.395161     3.292582
    1.876777     3.256966     1.265788     1.983120     3.985113
    1.896179     2.649236     1.092407     3.536818     3.515367
    2.978712     2.795256     2.309074     2.348690     4.803875
    2.848401     3.448084     2.955170     1.817883     3.499557
    1.200450     2.452072     1.717022     2.449004     3.556667
    1.843238     1.975196     2.523931     2.634631     2.217534
    2.549686     2.798229     3.431354     3.755473     2.998238
    2.613815     2.453424    -0.192295     2.370956     4.480565
    3.607065     4.394932     3.857385     2.653982     3.558238
    2.224372     1.981030     1.501858     2.696797     3.731690
    2.968066     2.519003     1.876051     2.601632     3.123039
    2.982635     2.482017     3.041444     1.217585     2.991324
    3.530049     4.608202     1.823515     2.644793     4.413037
    2.855125     2.943305     1.733470     2.914597     3.896801
    3.485799     4.874584     1.461408     3.464922     5.557549
    4.012325     3.978857     1.857156     3.740531     4.712128
    1.617698     2.151723     0.494120     1.548550     2.699652
    3.328011     3.370504     3.160597     3.553260     4.631903
    3.353934     3.476950     2.079410     2.472911     4.618804
    1.511767     1.551886     1.959906     2.509551     3.187121
    2.852555     2.991636     2.641997     4.497930     3.951431
    1.920291     1.848677     1.431396     1.679673     3.260577
    1.590410     1.003829     1.383637     0.892710     1.058357
    3.363986     3.006866     2.709029     2.666362     2.794408
    1.487623     2.554981     2.458065     1.368217     3.211311
    2.499293     2.823308     3.305424     2.699830     3.558443
    2.889812     2.560750     2.687133     2.892876     3.676715
    1.811446     3.325317     1.731281     2.635380     1.370568
    1.233632     0.932805     1.863496     2.151821     2.489282
    2.499843     3.423653     3.163382     3.096705     4.220292
    3.043380     3.956500     1.636986     4.569048     3.800124
    2.974758     2.317059     1.970278     2.165296     3.307560
    1.437388     2.895890     2.423978     2.531558     3.616642
    2.863093     1.589231     2.331694     3.979448     4.891599
    2.090144     4.098458     1.815520     2.303808     3.706554
    1.989180     3.266309     2.395980     2.391381     3.381252
    2.114887     2.032981     0.066643     1.102659     3.140912
    2.511498     2.451787     2.044356     2.609272     4.055081
    3.520674     3.540634     3.382103     4.245080     5.205909
    2.312419     2.801162     3.594142     1.415264     2.382594
    2.842813     2.676784     1.803474     2.507369     4.723899
    3.750880     2.295191     2.829899     3.438413     3.904426
    1.603330     2.149699     2.674914     2.498235     2.120507
    0.987520     1.419354     1.455185     1.232382     1.541960
    2.285926     2.403987     2.250013     2.322715     2.390625
    2.713461     3.194837     2.272373     2.365242     3.873601
    2.817233     3.730798     2.554028     2.372139     4.779117
    2.619079     3.058571     1.788025     1.861017     2.692893
    3.508691     2.706660     3.314801     1.983550     2.287263
    2.000685     2.679332     1.633686     2.081173     3.316208
    2.733843     2.867709     1.658033     2.393980     2.841800
    1.750526     2.209931     2.785336     2.003411     1.339651
    2.226260     3.370188     0.996139     3.164271     4.233160
    2.752461     2.363749     2.474847     1.983212     1.945286
    2.487810     3.555076     2.987565     1.564784     4.172754
    3.974400     4.410134     3.613706     3.351640     5.097070
    2.081895     2.496554     3.004604     2.003655     2.743337
    1.423483     1.651305     1.261342     2.145082     3.354284
    3.646621     3.998864     2.762965     3.700043     6.311377
    2.259163     2.934695     1.863175     2.757704     3.526456
    3.000815     2.723990     2.380715     2.621874     3.920939
    4.578747     4.210179     4.929942     3.417276     3.691645
    2.478422     3.117462     2.239665     2.257143     3.861943
    2.361627     2.700176     1.907901     2.468165     3.345213
    1.748697     2.425602     0.535449     3.686160     2.980999
    1.319218     2.047676     1.333699     1.926153     1.572128
    1.578833     2.732742     2.952515     2.635045     2.937974
    2.267387     1.309248     1.930770     2.753695     2.188905
    2.869953     2.892389     1.920620     1.745249     4.223730
    1.626230     2.381381     2.554216     1.669222     3.422452
    1.670096     2.502016     2.028354     2.132782     2.630060
    2.168913     2.723553     1.883660     3.391237     3.629286
    1.300377     2.166073     1.036709     1.014913     1.673434
    1.443345     1.981172    -0.563730     2.265461     3.488406
    3.677572     3.548637     2.799569     3.823855     3.960807
    1.609805     1.977636     2.437042     2.128862     4.426794
    1.967478     2.325141     1.416680    -0.452689     2.499992
    1.569270     1.697863     1.820188     1.704216     2.450047
    1.768461     2.328038     1.533182     1.701338     1.998724
    2.632943     2.396858     3.020587     2.315801     3.312750
    2.399026     2.853784     2.847579     2.723575     2.678793
    3.528808     4.117333     2.693129     3.798414     3.703641
    2.272842     2.859290     3.172064     1.920259     4.646715
    2.022788     2.521572     4.541524     3.143343     4.397292
    3.855473     4.130115     2.048147     2.000396     3.240646
    2.426651     3.478483     2.292315     3.027077     3.594368
    1.962515     1.356104     1.483281     1.320675     0.776921
    2.963205     3.470757     4.010348     2.281961     2.915027
    3.115274     2.789838     3.356466     2.565732     3.292783
    2.276602     2.334233     1.050287     1.917408     2.459953
    3.137055     3.143388     2.963584     2.331562     2.730827
    3.326554     4.728354     2.809515     1.823740     4.575944
    3.207273     3.353645     3.105442     3.282298     4.655571
    4.500335     4.979217     4.780778     4.264010     5.994729
    1.915930     3.062403     2.565135     1.524146     3.200094
    2.815324     2.940810     3.433057     3.886545     3.211587
    1.567453     1.663170     2.197466     1.781575     1.349118
    2.379742     3.597286     1.942619     3.275141     3.627395
    1.626791     2.322498     0.840959     1.739898     2.494999
    2.400711     2.713927     1.746037     2.087900     3.585450
    1.545254     1.429469     2.859231     1.615986     1.549151
    2.601179     2.726106     2.701884     3.907012     3.318380
    2.444917     2.209530     1.567794     2.094367     3.023742
    2.752049     3.469020     2.741381     2.919113     5.161777
    3.078500     3.519333     2.769733     2.598243     3.652611
    1.485204     1.838708     0.223133     1.919189     2.389086
    1.461797     2.361577     1.085263     2.578448     2.823762
    3.225061     3.175815     3.620430     3.897593     5.161676
    3.186208     3.000298     2.290245     2.201605     4.209455
    2.391627     3.490837     3.786064     2.020320     2.305196
    1.262899     1.360663     2.463953     1.226117     2.199160
    1.106965     1.549039     1.197376     0.885112     2.541290
    1.675526     1.725504     3.116250     1.732635     2.129329
    2.766062     4.196402     2.054044     3.303934     3.789012
    1.122302     1.757422     1.262006     2.208469     1.907420
    1.755922     2.187746     2.268568     3.144156     3.370880
    1.696157     2.440538     1.952510     0.479360     3.300657
    3.373314     3.141467     2.350889     2.777492     4.964348
    3.616306     4.218659     2.416566     3.975186     4.407246
    3.312597     2.914535     1.298149     2.261327     3.218350
    1.949250     2.203480     3.013170     1.643569     3.926082
    1.774761     2.146267     3.692809     2.141468     2.740072
    2.379842     2.141233     1.030061     1.489918     2.061777
    2.358291     3.177173     2.692606     2.596089     3.135350
    1.902725     2.335786     2.962264     2.912419     4.453397
    1.510945     1.767023     0.501101     2.846006     2.598490
    3.712080     3.431823     1.832353     2.072180     3.368845
    2.128419     2.203570     2.008560     3.273107     2.101621
    2.061330     2.069765     1.720536     2.097860     5.133486
    1.512642     1.311003     1.715918     1.317685     2.191433
    2.935567     4.300800     3.590685     2.562459     5.749155
    2.656184     3.637170     2.536725     3.395555     2.933386
    1.751381     1.709772     1.099013     3.161622     3.590374
    3.517877     3.498731     1.026110     2.399634     5.203705
    2.562501     2.211836     2.516257     0.938389     2.642358
    2.855932     3.184860     2.221683     3.784707     3.306234
    2.269412     1.658220     0.972234     3.198530     3.297831
    3.099756     2.979052     4.836560     3.510316     3.384793
    2.023177     2.230517     2.342668     1.385026     4.081370
    2.411360     2.137358     1.482762     1.921948     2.499180
    3.409641     3.730736     2.567652     3.681641     5.173328
    2.128994     3.059557     2.861244     1.243069     2.483867
    2.578831     3.517226     2.080924     3.111244     3.586079
    2.040870     2.381826     1.594677     1.800472     0.835683
    2.628170     2.789347     2.248331     2.893967     4.812595
    3.057255     2.932772     2.642542     3.488103     2.582817
    1.030091     2.171876     0.031722     1.885846     4.136649
    2.160017     1.632315     2.533699     2.795464     3.696071
    2.289388     2.618717     1.854772     2.412488     2.686328
    1.734790     3.441938     2.499901     2.329947     4.165073
    2.655879     2.937155     0.239111     1.939697     2.745185
    1.981627     2.541137     1.920056     2.437923     2.243780
    0.636661     1.955768     0.722480     2.998000     2.119265
    3.109997     2.434022     2.262106     2.666300     3.409591
    3.007594     3.861021     1.132510     2.679709     4.671091
    0.993496     0.813321     1.071066     2.484971     1.130517
    1.393177     2.457572     1.676373     1.655410     3.080467
    1.726579     2.739442     0.341486     2.092125     1.948156
    2.636058     3.032661     2.346953     2.355995     3.925587
    1.105793     1.886642     1.841177     2.240825     3.325213
    1.257501     0.873694     1.433529     1.436814     2.165315
    3.823410     3.923913     2.142116     2.209666     4.586108
    1.401340     1.728789     1.393484     2.187302     2.274882
    2.532620     3.221126     2.213061     2.453135     3.938067
    1.822654     2.472492     1.347412     2.345932     2.682709
    2.995084     3.063909     0.951077     3.211685     5.505737
    1.628983     1.083374     3.490232     1.943151     1.038426
    2.871680     2.680964     3.128477     2.224237     2.114983
    2.653699     2.593266     4.138878     2.836834     4.362434
    3.760819     4.112048     2.749026     3.009966     4.749150
    2.787154     2.677906     2.252188     2.138932     3.494191
    2.163167     3.105432     1.804866     1.608230     2.762415
    2.646395     4.483340     0.713413     3.586799     5.008966
    2.338085     1.682767     2.479852     2.239459     3.634978
    2.995867     2.925978     2.057744     2.525362     3.943920
    2.642058     3.350612     2.068556     2.361797     3.196695
    0.918135     1.783290     0.351588     1.139040     2.766562
    2.857818     3.524063     3.642966     2.904196     3.697665
    1.886327     1.232731     1.590242     2.438619     1.974158
    3.459092     3.100202     3.920320     2.485731     5.227438
    1.167086     0.998162     0.931571     1.332034     0.948001
    1.584886     0.771812     1.842380     1.413222     1.823207
    2.394553     3.809553     2.800023     1.570961     3.796856
    1.946272     2.003591     2.941412     2.281841     3.091185
    2.089642     2.673340     1.562815     1.888170     3.904889
    2.286823     2.401027     2.119159     2.451725     3.435202
    2.450938     2.828397     0.415648     2.488956     2.770483
    2.079053     4.128142     2.471237     1.443772     2.844889
    1.674646     2.233621     1.787994     1.992068     2.414846
    2.448700     2.681276     3.032611     1.735140     2.680223
    3.329075     3.772404     2.671560     3.030772     4.255356
    3.663630     3.250277     5.021436     3.260325     3.018118
    1.948871     3.165293     1.355692     2.563127     3.080103
    2.651607     3.403897     3.848305     0.948775     3.101722
    2.280495     2.259280     1.648967     1.883758     3.683025
    2.381184     2.478896     2.716137     1.664427     2.791758
    2.646600     3.074027     2.182987     1.875544     2.494615
    1.723228     2.113896     1.779586     1.396590     3.529490
    3.410481     2.822564     2.160717     3.828723     4.463544
    1.829006     1.305390     0.898508     2.050564     1.938497
    2.327328     1.894866     2.223884     1.558887     3.960963
    3.070355     2.218795     1.785035     3.281675     2.160095
    0.650178     1.420346     1.411091     1.655705     2.298683
    2.429960     2.642639     1.388117     2.227590     3.306164
    2.132160     2.405209     0.965813     2.317886     2.529882
    1.421748     1.928091     0.245683     1.109600     3.110271
    1.918675     1.809004     3.349340     2.333978     2.858222
    1.813982     1.190529     1.832868     1.749191     3.039107
    4.067314     2.934898     2.638567     3.549712     3.703282
    3.014305     2.966719     2.222659     2.678509     4.773459
    3.930613     4.622091     1.767037     2.861173     4.568083
    2.161917     2.709377     1.524537     1.762424     3.484084
    3.112697     3.153035     1.434425     3.581369     3.500505
    3.611091     3.161915     3.496787     4.034700     4.540265
    2.786163     2.895698     2.741165     3.405350     3.522312
    1.905790     2.019137     1.235357     1.623229     3.254052
    3.233168     4.381309     2.171607     3.696920     4.874216
    2.099959     1.793920    -0.058647     2.969366     3.702055
    0.952033     1.338480     2.249056     1.603919     3.218306
    2.961271     3.470946     1.575842     3.756948     4.364164
    3.208304     4.676063     3.543712     2.669027     4.634463
    1.894667     1.600266     3.118402     3.348541     1.670679
    3.751978     4.298287     2.704555     3.845472     5.472841
    2.935073     3.650026     4.195367     2.532993     3.681366
    3.159831     3.343907     1.831563     2.360469     3.789926
    2.249185     1.572401     3.460677     2.265011     2.515045
    0.851534     0.913603     0.806923     1.305681     1.308448
    2.667218     3.328044     4.169599     3.305230     3.793747
    4.065454     4.028537     1.626767     3.187304     5.425326
    2.443989     2.985777     1.214763     2.135366     5.404688
    2.650251     2.355573     2.245214     2.240247     2.905833
    1.790924     3.078319     2.171339     3.781013     3.110922
    1.936172     2.602267     2.261840     2.400560     3.359826
    2.112390     1.989440     1.990564     2.073528     0.792773
    2.267992     2.355795     1.552191     2.652317     3.349196
    3.066205     2.604682     3.347169     1.974674     2.660717
    1.429789     1.713239     2.494626     1.079514     1.094114
    3.630302     3.754176     1.978512     2.102386     4.843458
    2.864917     2.498397     3.130039     3.318801     3.862249
    2.728164     3.533870     1.843170     1.559896     4.076179
    2.167746     2.285408     2.905642     2.297842     2.101537
    3.201028     2.932685     2.676567     4.386145     5.715959
    2.534142     2.787536     2.632037     3.478713     3.919224
    2.252507     1.754568     2.054224     3.383570     2.576393
    1.228463     3.121469     1.234187     1.266609     2.856269
    1.801252     2.575371     1.576566     2.050851     3.081245
    4.206407     3.128732     3.265744     3.200485     4.349090
    1.527838     1.996903     2.583517     2.396645     3.386606
    2.167842     1.776036     0.265826     0.964690     3.266334
    2.465492     2.559137     1.768947     1.579846     3.432640
    3.472863     2.984739     3.103714     2.118186     3.522475
    3.121695     3.554280     3.669146     3.747758     4.846222
    3.762335     4.626381     1.396507     3.484808     4.044643
    1.586931     2.207649     1.298167     3.475969     4.052054
    4.302441     4.691450     4.217782     1.468682     4.202141
    3.860213     2.661078     2.249259     2.264270     2.605358
    1.706137     3.142244     2.032570     0.822272     2.030551
    0.975493     1.199954     0.729864     1.560383     2.321450
    1.351259     1.729247     1.304472     1.978069     1.969723
    3.167774     3.172773     2.777296     3.848350     3.881157
    2.939072     3.220154     2.774439     3.079405     3.197514
    2.728029     1.954186     1.718701     2.537085     3.787519
    2.799937     2.576602     1.707704     2.500552     3.523458
    2.543895     3.350006     2.162422     3.155418     3.459987
    1.522124     1.577894     1.313683     1.241403     2.873032
    1.781935     2.338143     1.957531     3.772158     4.682163
    3.569362     4.085796     2.494509     3.053938     4.540813
    1.143845     0.843537     2.824588     1.749728     3.876506
    2.871582     1.903362     3.080055     3.006089     3.573357
    2.448407     3.002035     2.154113     2.156260     1.594377
    0.902357     1.910500     1.174609     1.468925     2.220974
    1.282079     1.515099     0.808066     0.312903     1.553826
    3.212508     3.528144     1.144443     2.980245     3.873984
    2.178812     3.851032     2.677370     3.080814     4.846641
    1.948725     2.679253     1.489116     1.793861     4.157489
    2.922819     3.878391     0.993315     2.947719     3.097343
    2.296827     1.774450     2.006501     1.615856     1.016670
    2.511163     3.154771     1.050673     2.972701     3.308633
    2.052696     2.145672     1.141076     2.693647     4.510518
    3.018679     2.591743     2.814972     3.020376     3.228078
    3.060161     2.835792     2.252346     2.506074     3.357278
    2.866919     3.512646     0.818855     1.796889     3.295093
    3.078364     3.361719     0.621442     2.973047     3.643175
    2.348435     2.557943     1.943623     1.604877     4.262370
    3.960323     4.078619     2.105802     2.449786     4.656860
    2.293835     2.512935     2.414948     2.602866     3.651372
    0.480451     0.266381     1.787137     1.699419     2.017747
    3.677528     3.524696     2.639529     3.152282     3.921216
    1.189210     1.764872     1.572670     1.124012     3.109176
    1.980489     1.284513     2.435054     2.723080     3.636214
    3.096013     2.939340     3.435192     3.026752     4.766570
    3.093645     3.059737     2.484352     2.663351     3.802338
    2.657520     2.621930     3.023618     2.836965     3.104324
    3.078690     4.087256     2.137203     2.447260     4.399755
    2.418999     2.364451     2.241378     2.230792     3.139601
    2.377197     3.133929     2.192792     4.241586     4.712825
    2.714549     3.296143     2.677664     2.129669     3.043858
    1.737056     2.141691     2.916978     1.786497     2.643950
    3.028338     3.773905     2.917526     3.035325     4.291159
    3.543181     3.551090     1.312661     2.698742     2.741927
    2.766261     3.151835     3.012707     3.454199     3.009439
    2.162388     1.471605     2.985922     1.373845     1.423426
    0.989564     0.667917     0.844260     1.506557     2.401921
    3.734395     4.551414     0.692298     3.578120     4.167994
    1.826393     2.944228     0.553447     2.541493     4.394521
    3.384527     2.789989     3.834984     2.350045     2.846098
    1.056882     1.176126     0.242396     1.548185     2.627693
    2.945097     2.847667     2.548793     2.683401     2.705168
    1.317593     1.502556     1.565066     1.604912     1.927837
    1.814480     2.055888     4.185360     1.635334     2.229624
    3.182044     2.503601     3.265642     2.877757     4.269163
    3.155202     3.091669     3.210731     4.128737     3.928679
    1.356975     1.401550     2.770053     3.447367     3.138758
    3.712890     4.073073     2.770027     3.379417     4.565080
    4.235997     4.539165     2.673218     2.817766     5.070432
    0.878759     1.584445     1.224988     1.361084     1.738998
    2.683846     2.693427     0.289350     2.222892     3.797405
    2.485664     3.956246     1.994981     2.592861     3.062992
    3.121386     3.027560     1.064798     2.744832     3.027744
    3.440485     3.003363     1.682299     2.594865     3.483788
    2.529280     2.220814     1.960951     1.794094     3.288941
    1.151581     0.977218     1.572920     1.122664     2.737874
    1.999771     2.823368     2.792677     3.023140     3.703009
    2.645366     2.987278     2.855187     3.669039     4.017296
    3.209007     3.668995     0.925652     3.126555     5.017923
    2.924547     2.655486     2.794845     1.352148     3.706959
    4.085693     3.808333     2.986333     3.339080     4.721725
    1.271188     2.052116     2.174015     1.317968     0.959241
    1.899040     2.986862     1.463467     2.146048     3.848594
    3.328261     3.768435     3.452367     3.342075     3.650645
    1.846290     1.922528     0.235766     2.245506     2.945436
    1.375979     2.140941     0.460238     1.351188     3.183888
    2.291238     3.215310     2.311201     2.502800     3.345034
    2.618391     3.879583     1.393212     3.589921     4.921183
    1.638103     1.775784     1.065972     1.235440     2.833919
    2.644331     3.238059     2.895771     3.038657     4.938994
    2.589239     3.385309     2.351342     1.918821     3.795013
    1.869932     1.998938     3.172292     2.555428     1.983740
    1.027318     1.065877     0.577696     1.769628     3.724395
    2.171721     3.314645     3.955111     2.430670     2.042124
    2.763709     3.800813     1.246444     2.167592     3.983422
    1.297695     3.001962     0.227310     1.893196     3.955054
    2.378261     2.097745     0.125325     2.585153     1.721673
    3.439653     4.262595     2.092637     1.802518     4.090792
    2.544799     2.261823     2.064673     1.811405     2.037520
    2.478528     2.629698     1.724379     3.301211     3.176824
    2.657925     2.112104     1.121905     1.037584     2.885021
    3.084824     2.653051     1.285964     2.154300     2.083071
    2.040997     1.701811     1.519601     2.130812     5.574908
    2.124891     1.782218     2.272786     2.497229     1.907375
    1.344569     1.683200     0.118951     2.315789     3.226972
    1.734037     1.759648     1.815532     1.171630     4.091533
    2.661700     2.323913     3.391174     2.210711     3.744601
    1.471343     1.615546     2.305569     0.882635     2.765179
    3.541958     3.319183     3.642182     3.426569     4.244035
    2.139259     2.023295     2.812941     2.238002     2.198045
    3.547607     4.351013     2.173580     3.890270     5.045435
    0.672727     1.152193     2.440972     2.045129     2.530410
    2.735175     2.981529     2.079862     3.521678     5.005661
    2.764741     3.496324     1.783058     2.961056     3.082596
    2.998517     3.112978     3.850787     3.141017     3.877478
    2.716685     2.175039     3.589184     2.511218     2.623832
    2.707258     2.756555     1.952524     2.983865     4.797562
    1.750550     2.825057     3.384104     2.157031     1.925490
    2.885492     1.971640     1.249193     1.769845     2.508072
    2.946057     3.677328     1.179333     1.876396     3.872559
    1.644928     0.846975     1.167378     2.667547     3.393949
    1.715960     1.267373     3.401311     2.000221     1.538366
    4.785106     4.207814     4.307962     4.508609     3.934925
    2.117314     2.422307     0.915983     1.890945     2.680122
    2.681608     3.821315     3.433252     2.738045     4.906444
    2.159936     1.378951     2.342625     2.058849     2.240191
    1.361165     1.586297     1.209486     2.428183     2.730393
    2.406109     2.051498     0.432894     3.300843     4.300527
    2.597279     2.717549     3.500140     2.483301     2.540575
    1.882018     1.088118     2.215783     2.743240     4.353264
    2.165655     1.408081     1.264184     1.780407     1.928232
    2.265075     2.715138     2.867437     2.021455     3.837024
    2.540855     3.079867     1.663619     1.917518     3.091419
    3.371996     3.257974     2.317677     2.652131     4.472862
    2.681656     3.390757     2.732592     3.228527     3.161295
    4.335371     3.646270     2.790015     3.541427     5.116891
    1.910470     3.021538     3.197072     1.936108     3.397894
    3.383860     3.958539     3.467687     3.352711     4.102640
    1.405823     2.484067     1.822408     1.325136     4.487658
    3.688302     3.335740     3.930923     2.839281     1.821698
    1.942745     1.826981     2.154429     2.643706     3.309130
    1.482574     1.357504     1.225459     2.207594     1.749630
    2.480753     2.765163     3.024328     2.002609     4.231942
    3.254250     3.725594     2.186586     2.425848     3.289826
    2.588773     2.230452     3.340632     1.961540     2.596199
    1.846713     2.384996     2.566961     2.511237     3.357442
    2.727271     2.778069     2.744397     3.006430     2.262414
    3.517802     3.147892     4.047192     3.969358     4.206780
    2.822151     2.810544     1.866763     2.628221     3.824112
    3.549286     4.609771     2.891968     2.465248     4.398321
    2.237878     3.009889     1.657920     2.846082     3.203116
    1.911889     2.323735     2.985889     2.083135     3.682127
    1.609875     2.015331     0.130934     0.778588     2.360271
    2.164200     1.249489     2.686543     2.526520     3.266829
    2.177398     2.112117     2.889782     2.549256     3.903930
    2.083026     2.396114     1.635421     3.319899     3.218742
    2.177289     2.383620     2.430042     2.717186     3.417061
    1.946600     2.656835     1.585360     1.769973     2.127338
    2.801960     3.360151     3.478589     2.365368     3.011343
    3.038807     4.238267     3.818823     2.142817     4.958531
    2.217506     2.298436     2.848232     1.310884     2.226095
    2.624985     2.625191     1.474378     2.779439     3.785471
    2.897242     2.953070     1.799163     3.374795     3.480888
    2.446806     2.714988     0.751466     1.294090     4.371521
    1.398447     2.095611     0.898811     2.692712     2.752987
    0.691584     1.328163     1.271634     1.962085     2.665896
    2.009853     2.174549     2.567715     2.218970     3.072187
    2.977535     2.868026     0.158295     2.648085     3.542393
    1.964749     2.371380     2.478802     1.444541     2.824811
    3.008414     3.473635     2.506966     2.554203     5.310674
    2.116638     2.147872     2.226432     2.737399     3.723225
    1.794914     2.108425     1.802446     2.726799     4.315215
    3.414089     2.537716     2.967520     1.877836     2.524789
    2.865701     3.212497     2.370088     3.167508     4.684267
    2.276783     2.959906     2.144626     3.563629     4.000731
    1.556190     2.282868    -0.140039     1.569417     2.357133
    3.085622     4.261890     0.159663     2.703724     4.288011
    3.740149     4.261786     2.147964     3.411621     2.370008
    1.306851     1.542049     1.261989     1.927988     2.852571
    4.059452     3.962632     3.403273     3.409331     4.462640
    2.988092     3.857979     2.768852     2.390670     3.917513
    1.512291     2.124531     0.741229     1.213314     3.834310
    2.669668     2.944168     3.167877     2.427482     3.268766
    2.944493     3.239634     1.499957     2.659720     5.059470
    1.870765     1.553295     2.831716     2.604439     3.497027
    3.214371     2.593838     3.009757     3.104367     3.336369
    1.217549     2.015153     2.543212     2.493669     2.439856
    2.291710     2.737251     1.237580     1.031925     2.972361
    2.889249     3.113690     2.292858     2.706655     4.047970
    2.071100     2.693203    -0.599242     1.983375     4.348752
    2.411187     2.934085     2.015898     3.043367     4.787668
    3.491076     4.190465     3.648541     3.112895     4.265604
    2.229895     1.387080     3.096987     3.152549     3.214183
    1.157431     0.428029     0.927866     2.710892     3.943435
    2.569510     2.512760     1.924565     2.908132     5.065791
    1.663050     1.727229     1.952531     2.656490     2.502201
    1.233159     1.318086     0.754674     1.863015     2.972063
    2.412784     3.227919     3.239819     2.835564     3.521220
    1.391417     1.710340     1.251710     2.072054     2.213655
    3.495217     3.481077     2.055030     3.058162     5.713893
    3.021347     3.004233     3.698585     2.762609     2.047906
    2.471333     2.264344     0.643898     2.216850     2.864047
    2.612109     3.307013     1.744882     2.267929     4.169930
    3.934147     4.498352     1.384646     3.386868     4.247170
    2.848551     2.309901     0.801151     2.050284     3.921361
    2.791317     4.081370     2.146770     2.743509     4.526804
    1.222638     2.134357     1.567750     2.052569     2.301026
    1.293671     1.327665     0.769287     1.208562     2.189384
    3.257355     4.139393     2.291881     2.698228     5.091354
    2.938365     2.901531     2.098568     2.595531     4.259424
    1.571237     1.813076     2.484233     2.774435     3.193756
    3.190014     1.922020     2.774331     2.715399     4.143151
    2.073752     2.480348     1.808495     2.160664     4.311616
    2.349353     2.168188     1.801233     3.289786     2.771998
    0.875513     1.747221    -0.526702     0.395576     2.815214
    3.654477     4.407470     3.106581     2.224143     4.551326
    3.252580     3.165138     1.246623     2.723700     5.063897
    2.895830     3.135476     2.400074     2.431816     3.790499
    2.018124     3.547686     2.320768     2.037307     4.234039
    2.899624     2.147329     2.525246     1.823486     4.385753
    2.636026     2.671735     2.101316     1.250797     2.562995
    3.328070     3.768564     1.749083     2.366982     4.371275
    3.460341     4.434697     2.369979     3.207776     5.630483
    1.913430     2.484783     2.193795     2.648931     3.541315
    3.057522     4.814920     2.670888     4.495694     4.597767
    2.182093     2.741183     2.223877     2.310283     2.544862
    2.078408     2.897969     0.721325     2.782358     4.408411
    2.626813     2.684689     5.009068     1.933037     1.588424
    1.896804     2.898048     1.559126     2.536049     2.992078
    3.498876     3.583183     1.572041     2.646383     2.465807
    1.002946     1.616119     1.956875     1.600596     2.443867
    2.997114     3.670690     2.154537     2.689266     4.723801
    3.388203     4.713220     3.243178     4.373338     5.479548
    1.646225     2.780855     1.627748     2.178387     3.532067
    2.765223     3.097012     1.942473     2.599313     2.977149
    1.764833     1.995063     2.270739     1.519425     2.707974
    2.988168     3.141953     2.438916     2.731238     3.647388
    2.825369     3.164372     2.873792     3.474655     3.943850
    2.089345     1.865774     1.726671     1.064448     1.842903
    2.085308     2.326605     2.249245     2.376527     3.450801
    0.767234     0.452120     2.061845     2.583664     2.749618
    2.808572     1.588898     3.374117     2.931553     5.512073
    2.323487     3.014455     1.634333     2.495736     3.463348
    2.150987     2.530804     2.436698     1.373901     1.986236
    1.386876     1.744058     2.699022     2.995301     3.790179
    2.634601     2.668886     2.357878     2.080972     3.556006
    1.921155     1.848441     1.812609     0.971951     2.329473
    0.756344     1.339341     1.585274     2.536466     2.162782
    2.787494     3.511456     2.512686     2.365924     3.722466
    2.753274     3.211199     0.964517     2.985768     4.327026
    4.363598     4.748085     2.682522     3.095235     5.185787
    2.906831     3.155743     2.004716     1.009929     1.763470
    1.567132     2.535731     1.904427     1.884020     2.646437
    2.603763     3.157241     2.141377     1.976526     4.266567
    2.467084     3.055232     0.788565     2.765831     3.710660
    2.861277     2.766143     2.179872     2.485349     3.247713
    2.221478     3.007032     2.573488     3.153222     4.561217
    2.774320     3.181116     3.047156     2.664750     3.285807
    2.712597     3.243943     2.679751     3.022484     5.175183
    1.791253     1.790969     2.529085     2.593922     2.658145
    3.181631     4.090260     2.699023     2.939067     4.284010
    1.732864     2.010075     1.825548     1.846837     3.152667
    3.735357     3.200649     2.663427     2.892340     3.911515
    2.979440     2.642053     3.254087     2.228162     3.637787
    3.107455     2.690223     2.972298     3.259786     3.338192
    2.043047     2.458385     1.692993     2.495327     2.480073
    3.508790     3.975324     3.158139     3.069650     4.665692
    2.340286     2.622465     1.662690     1.953331     2.609310
    2.744872     2.408482     2.875511     1.668894     1.939069
    2.544841     2.763292     2.796292     3.696938     5.262074
    0.815747     1.269780     0.425901     1.174321     2.216698
    2.683606     2.394362     1.208008     2.621083     2.960927
    2.202158     2.286841     0.168142     1.898438     2.824364
    2.424526     2.132726     1.956767     2.404851     5.278445
    3.668086     4.503337     3.381570     2.728457     3.661813
    1.783441     2.865862    -0.015384     2.470646     3.356101
    1.862389     2.092724     2.044157     3.295181     3.146714
    0.648385     1.040120     2.009248     0.779243     1.183290
    2.048005     2.179841     0.321565     1.110660     1.459885
    2.470650     3.832943     3.646012     2.474134     3.928804
    2.261893     3.557898     1.614459     3.000129     4.328925
    2.532356     2.719127     1.706495     2.191184     3.823041
    3.814580     3.502319     2.674394     3.401946     3.856315
    2.384827     2.932046     2.538763     2.620213     3.379329
    2.805484     2.466472     3.267830     3.198453     3.073145
    2.294188     2.688960     2.144558     1.888218     4.058814
    4.185375     3.726206     3.921201     4.129823     5.186355
    2.916778     3.603653     3.376730     4.228763     2.960075
    2.986731     3.426634     2.297435     2.475238     3.730541
    0.886517     0.972792     1.729341     2.825118     1.941344
    1.115651     2.241044     0.971977     1.387589     3.278089
    3.517767     3.259707     1.189652     4.741235     4.745158
    2.241478     2.566529     2.155726     1.875141     2.438702
    0.841510     1.657269     1.488389     2.178209     2.634803
    1.875596     1.939509     1.372950     2.039743     2.262556
    1.822221     2.634553     1.838944     1.437231     3.955451
    2.605147     2.708573     0.341041     2.133197     3.887637
    2.927072     3.331822     2.276474     2.148365     3.249703
    3.073438     2.199931     2.017052     2.769682     2.363362
    2.608930     2.809569     0.376532     3.712296     2.667372
    3.068429     4.051898     4.228841     4.280929     3.572082
    3.484242     3.273941     4.068523     2.212375     2.300224
    3.299368     4.255418     1.312902     3.270395     4.478894
    3.423810     2.803519     2.713531     2.911661     3.915089
    3.355871     3.493436     0.786084     3.685003     4.335738
    2.061878     1.940854     1.566740     3.458570     3.458259
    1.730899     2.109887     0.736617     0.706383     2.153695
    1.306720     2.991040     1.484241     0.739865     1.658905
    3.269802     2.316688     3.610152     1.372124     4.790781
    2.371058     2.880468     1.886865     1.724587     3.705951
    2.170055     2.147864     1.481226     2.056856     2.986726
    2.278449     1.939734     1.388778     2.141013     3.340349
    3.678559     4.253079     3.289782     3.568530     5.332630
    1.465742     1.059951     2.052282     1.802118     1.342126
    2.866696     2.500034     1.937569     1.895992     3.922802
    2.351341     2.545533     2.610966     1.760652     2.309277
    4.373297     3.933133     2.993835     2.815071     3.912467
    1.342426     2.647950     1.888593     0.919393     0.978195
    2.963491     2.861864     3.070906     3.424093     3.493008
    3.985519     3.676776     2.005847     3.491604     3.489969
    1.968891     2.502580     3.129378     2.551501     2.804961
    2.302650     2.221700     3.257877     2.920102     4.687765
    2.655646     2.660411     1.870488     2.248318     2.313410
    3.181833     3.336885     3.411817     3.356026     4.389499
    2.339220     1.665624     2.625508     1.966839     3.248301
    3.750858     3.565741     2.393887     3.010347     5.667807
    2.558877     3.612163     1.228913     2.796425     3.245079
    1.609471     1.715738     3.891543     2.223076     2.655444
    2.152897     3.299185     1.588298     1.675332     3.092686
    0.748244     1.308140     0.812894     0.211671     1.181964
    3.148042     4.063330     2.859332     2.736607     4.120808
    2.807509     3.284808     0.878014     1.902450     3.913223
    2.927334     3.453137     2.934924     3.753776     2.379955
    2.755291     4.250614     3.005115     1.973069     4.777915
    3.078879     3.524842     1.999724     3.153661     3.988420
    1.008979     0.736302     0.576342     2.589886     1.416401
    2.041682     2.473120     2.110109     1.502271     1.991241
    2.227357     1.659601     2.623042     2.588479     2.216589
    2.121462     2.071255     2.428300     2.091484     2.668283
    2.562149     2.752171     1.543444     2.678986     3.588623
    3.149209     2.693451     3.725329     3.575254     4.669074
    1.830964     2.266692     1.309573     1.652370     3.606088
    3.181155     4.530964     3.277136     2.010752     3.782444
    2.307071     1.924773     1.988356     2.458489     4.196572
    2.083965     2.140664     1.769894     1.206375     3.024481
    3.263488     2.695308     2.325434     2.393417     4.839139
    2.818285     3.591156     3.020057     2.572900     3.180951
    2.634610     3.853615     3.260397     3.373580     2.999039
    1.258496     1.813704     1.398888     0.159292     1.924632
    2.633780     2.392230     0.937674     3.313067     4.341672
    3.333455     3.245991     3.614135     1.833650     3.281674
    1.548627     2.204819     0.812591     1.688742     1.421615
    2.506734     3.511005     2.452683     2.626226     3.916980
    2.541287     3.015575     2.491121     2.128377     3.006661
    2.048885     2.285299     2.000659     1.987232     4.686139
    1.821262     1.943996     1.883195     3.047022     2.298278
    2.531526     2.990445     2.754385     1.277293     3.688204
    2.461039     2.632235     2.175831     2.289691     4.604479
    2.208758     3.445586     1.314217     2.053690     3.313099
    2.004866     2.416334     1.527504     3.029325     4.056160
    0.910180     0.627090     0.539224     1.022675     1.710962
    3.844358     2.796946     3.962411     4.151281     5.686407
    2.048672     2.143705     0.807252     2.439801     2.919441
    2.230515     3.338462     3.185243     2.293702     3.154233
    2.141951     1.643917     2.990465     3.168978     1.737150
    3.095590     4.203830     2.162611     3.180230     4.594860
    1.511969     1.927410     2.164167     2.501464     1.319580
    3.635575     3.542485     3.538228     3.041089     4.824193
    3.339519     2.787635     2.721548     2.396532     2.485019
    2.238687     2.696397     3.227821     1.779477     3.108878
    2.960203     3.146251     2.230625     3.009259     3.569492
    0.772985     1.006906     0.147275     1.556374     1.715052
    2.851326     3.718630     4.072197     1.852571     4.267223
    3.158951     3.580132     3.418349     3.787155     3.054261
    1.826900     1.571537     2.642630     1.923833     2.555539
    2.939617     3.437993     2.412704     2.103704     4.205594
    4.409282     4.743607     3.572891     2.835901     4.702182
    4.236115     3.413354     2.847078     4.179774     6.230908
    2.274625     2.259509     1.657468     4.146858     1.835884
    2.002193     2.942834     1.905478     1.815806     3.377281
    2.221445     2.279180     0.832614     3.016456     3.400317
    2.453737     2.566421     2.318315     3.220712     3.819035
    3.028041     2.892373     3.708520     3.659644     4.027612
    2.034235     2.356012     1.287006     2.606196     4.917871
    2.476407     2.810143     2.661188     1.751947     3.203618
    4.176054     3.332501     4.204111     3.557686     3.517514
    2.846689     2.256853     1.827278     1.112614     2.925720
    2.921416     2.316520     2.273333     2.417356     3.265593
    1.002805     1.731655     1.065977     1.592907     2.301699
    1.643856     1.519227     1.483813     1.394193     2.968596
    2.584472     1.786793     4.557318     2.253694     2.916640
    1.401758     2.624902     2.310404     1.883201     2.902107
    2.142840     3.097427     2.692015     1.823703     3.742780
    1.967279     2.043043     2.211150     1.969171     3.128364
    2.544610     3.207912     2.007939     1.985914     3.169876
    1.721991     1.307778     2.233056     2.104077     1.618507
    3.605599     3.988868     3.261099     4.095061     4.245682
    3.366092     4.034232     3.265524     1.846471     4.513205
    2.971761     3.144385     2.540912     2.449619     2.781842
    2.609758     2.809822     2.163836     1.298184     4.094768
    2.589222     4.632024     3.324645     3.664899     4.737893
    1.018176     1.924218     0.909740     1.134264     3.505751
    1.743494     1.998083     2.013455     2.375741     2.132410
    2.364925     2.763975     1.477822     1.641279     2.641618
    3.435381     3.744273     1.563596     3.047323     4.378117
    2.725595     3.507253     2.977098     3.401098     3.184370
    3.532389     4.015996     2.919218     1.445830     5.205759
    3.056287     1.317497     3.598857     2.630467     3.323984
    1.176138     1.761205     1.619470     0.912615     3.100366
    1.267647     2.520959     0.437416     2.563240     4.536811
    2.550953     2.966710     3.336584     1.669999     2.447753
    2.411768     2.180162     2.281748     1.784849     4.390715
    2.169496     2.451008     1.807322     2.487738     3.483301
    0.775350     0.931397    -1.205200     0.645908     1.639816
    3.678864     3.352934     2.559805     2.474865     4.098359
    2.160246     2.770238     2.405501     2.642447     3.398797
    1.732709     2.907932     3.346736     2.827881     3.768459
    2.714927     3.100543     2.722486     1.446475     2.531980
    2.521364     2.778723     2.301587     1.460622     2.990015
    2.726457     3.698408     1.321504     1.918885     3.723582
    2.046408     3.508590     1.574611     2.056130     3.093130
    3.715746     3.698825     3.585645     2.934436     2.287578
    2.047962     2.721447     3.181293     1.847524     3.200786
    2.351132     1.904821     0.598982     2.437930     2.591905
    2.677856     1.940086     2.167558     2.110353     1.103783
    3.658746     3.944577     2.130623     2.568017     3.757885
    3.002704     4.025508     3.477327     3.648407     4.002232
    2.767812     2.674310     1.269117     3.603268     4.891446
    2.954653     3.088575     3.585763     3.940380     5.074550
    2.953484     2.576404     3.731185     2.635483     3.916468
    1.624130     3.054874     2.227055     2.424208     3.594957
    3.138601     2.640755     3.863995     2.063572     3.622466
    2.626067     1.682998     2.033797     3.565875     2.265964
    3.006228     3.407355     1.736250     2.731515     5.261997
    2.470851     2.799990     3.298869     2.539024     2.068517
    1.772589     1.541904     1.112169     3.826339     3.779990
    1.291135     1.739029     0.173807     1.903597     3.065117
    1.753169     1.853268     0.351298     2.446968     3.195186
    2.639112     3.209391     2.360276     3.346182     3.626095
    2.092842     2.360212     2.712591     1.752993     1.967438
    3.649111     3.720394     2.478816     2.192754     2.960058
    1.745750     1.940766     0.462778     0.966788     2.400472
    3.576769     3.788872     2.222303     2.342085     5.053427
    3.736724     3.889774     3.407227     3.661509     5.138884
    1.721651     2.404259     2.048632     2.785261     3.869132
    2.637081     3.167609     2.231240     2.089625     5.243321
    3.444241     2.681705     3.827314     3.859052     3.783482
    3.373394     3.487175     2.820348     3.238898     3.685045
    1.807371     2.388982     2.896806     2.512852     3.709778
    0.303857     1.195599     0.732836     0.882182     0.750699
    2.072448     2.875957     0.359566     1.630839     2.377378
    2.306645     2.260458     1.307227     2.059324     2.926356
    1.934206     2.264996     2.002815     2.275494     3.294693
    1.969372     2.193494     1.834510     2.269262     3.822660
    3.112134     2.536560     1.901206     2.710809     3.915555
    2.323538     2.022250     2.072608     1.215223     2.648416
